1 -1.41029e+08
1.01804 -1.39163e+08
1.03607 -1.37314e+08
1.05411 -1.35481e+08
1.07214 -1.33665e+08
1.09018 -1.31864e+08
1.10822 -1.30081e+08
1.12625 -1.28313e+08
1.14429 -1.26561e+08
1.16232 -1.24825e+08
1.18036 -1.23106e+08
1.1984 -1.21402e+08
1.21643 -1.19714e+08
1.23447 -1.18041e+08
1.25251 -1.16385e+08
1.27054 -1.14744e+08
1.28858 -1.13118e+08
1.30661 -1.11508e+08
1.32465 -1.09913e+08
1.34269 -1.08333e+08
1.36072 -1.06769e+08
1.37876 -1.0522e+08
1.39679 -1.03686e+08
1.41483 -1.02166e+08
1.43287 -1.00662e+08
1.4509 -9.91726e+07
1.46894 -9.76979e+07
1.48697 -9.62379e+07
1.50501 -9.47925e+07
1.52305 -9.33616e+07
1.54108 -9.19453e+07
1.55912 -9.05433e+07
1.57715 -8.91556e+07
1.59519 -8.77822e+07
1.61323 -8.6423e+07
1.63126 -8.50779e+07
1.6493 -8.37468e+07
1.66733 -8.24296e+07
1.68537 -8.11263e+07
1.70341 -7.98369e+07
1.72144 -7.85612e+07
1.73948 -7.72991e+07
1.75752 -7.60506e+07
1.77555 -7.48157e+07
1.79359 -7.35941e+07
1.81162 -7.2386e+07
1.82966 -7.11911e+07
1.8477 -7.00095e+07
1.86573 -6.8841e+07
1.88377 -6.76855e+07
1.9018 -6.65431e+07
1.91984 -6.54136e+07
1.93788 -6.42969e+07
1.95591 -6.31931e+07
1.97395 -6.21019e+07
1.99198 -6.10234e+07
2.01002 -5.99574e+07
2.02806 -5.89039e+07
2.04609 -5.78628e+07
2.06413 -5.6834e+07
2.08216 -5.58176e+07
2.1002 -5.48133e+07
2.11824 -5.38211e+07
2.13627 -5.28409e+07
2.15431 -5.18728e+07
2.17234 -5.09165e+07
2.19038 -4.9972e+07
2.20842 -4.90393e+07
2.22645 -4.81183e+07
2.24449 -4.72089e+07
2.26253 -4.6311e+07
2.28056 -4.54246e+07
2.2986 -4.45495e+07
2.31663 -4.36857e+07
2.33467 -4.28332e+07
2.35271 -4.19919e+07
2.37074 -4.11616e+07
2.38878 -4.03423e+07
2.40681 -3.9534e+07
2.42485 -3.87366e+07
2.44289 -3.79499e+07
2.46092 -3.7174e+07
2.47896 -3.64087e+07
2.49699 -3.5654e+07
2.51503 -3.49097e+07
2.53307 -3.41759e+07
2.5511 -3.34525e+07
2.56914 -3.27393e+07
2.58717 -3.20364e+07
2.60521 -3.13435e+07
2.62325 -3.06608e+07
2.64128 -2.9988e+07
2.65932 -2.93251e+07
2.67735 -2.86721e+07
2.69539 -2.80288e+07
2.71343 -2.73952e+07
2.73146 -2.67712e+07
2.7495 -2.61568e+07
2.76754 -2.55518e+07
2.78557 -2.49563e+07
2.80361 -2.437e+07
2.82164 -2.37931e+07
2.83968 -2.32252e+07
2.85772 -2.26665e+07
2.87575 -2.21168e+07
2.89379 -2.15761e+07
2.91182 -2.10443e+07
2.92986 -2.05212e+07
2.9479 -2.00069e+07
2.96593 -1.95013e+07
2.98397 -1.90042e+07
3.002 -1.85157e+07
3.02004 -1.80356e+07
3.03808 -1.75638e+07
3.05611 -1.71004e+07
3.07415 -1.66452e+07
3.09218 -1.61981e+07
3.11022 -1.57591e+07
3.12826 -1.53281e+07
3.14629 -1.4905e+07
3.16433 -1.44897e+07
3.18236 -1.40823e+07
3.2004 -1.36825e+07
3.21844 -1.32904e+07
3.23647 -1.29059e+07
3.25451 -1.25288e+07
3.27255 -1.21591e+07
3.29058 -1.17968e+07
3.30862 -1.14418e+07
3.32665 -1.10939e+07
3.34469 -1.07531e+07
3.36273 -1.04194e+07
3.38076 -1.00927e+07
3.3988 -9.77282e+06
3.41683 -9.4598e+06
3.43487 -9.15353e+06
3.45291 -8.85393e+06
3.47094 -8.56093e+06
3.48898 -8.27446e+06
3.50701 -7.99445e+06
3.52505 -7.72082e+06
3.54309 -7.45349e+06
3.56112 -7.1924e+06
3.57916 -6.93747e+06
3.59719 -6.68863e+06
3.61523 -6.44581e+06
3.63327 -6.20892e+06
3.6513 -5.9779e+06
3.66934 -5.75267e+06
3.68737 -5.53316e+06
3.70541 -5.3193e+06
3.72345 -5.11101e+06
3.74148 -4.90822e+06
3.75952 -4.71086e+06
3.77756 -4.51885e+06
3.79559 -4.33211e+06
3.81363 -4.15058e+06
3.83166 -3.97419e+06
3.8497 -3.80285e+06
3.86774 -3.63649e+06
3.88577 -3.47505e+06
3.90381 -3.31844e+06
3.92184 -3.1666e+06
3.93988 -3.01945e+06
3.95792 -2.87692e+06
3.97595 -2.73892e+06
3.99399 -2.6054e+06
4.01202 -2.47628e+06
4.03006 -2.35147e+06
4.0481 -2.23092e+06
4.06613 -2.11454e+06
4.08417 -2.00227e+06
4.1022 -1.89402e+06
4.12024 -1.78973e+06
4.13828 -1.68932e+06
4.15631 -1.59271e+06
4.17435 -1.49985e+06
4.19238 -1.41064e+06
4.21042 -1.32502e+06
4.22846 -1.24291e+06
4.24649 -1.16425e+06
4.26453 -1.08895e+06
4.28257 -1.01695e+06
4.3006 -948161
4.31864 -882523
4.33667 -819957
4.35471 -760390
4.37275 -703750
4.39078 -649961
4.40882 -598951
4.42685 -550647
4.44489 -504974
4.46293 -461859
4.48096 -421229
4.499 -383009
4.51703 -347128
4.53507 -313510
4.55311 -282083
4.57114 -252773
4.58918 -225506
4.60721 -200210
4.62525 -176809
4.64329 -155232
4.66132 -135404
4.67936 -117251
4.69739 -100701
4.71543 -85680.3
4.73347 -72114.4
4.7515 -59930.2
4.76954 -49054.2
4.78758 -39412.8
4.80561 -30932.6
4.82365 -23540.1
4.84168 -17161.6
4.85972 -11723.7
4.87776 -7152.91
4.89579 -3375.6
4.91383 -318.292
4.93186 2092.54
4.9499 3930.43
4.96794 5268.89
4.98597 6181.46
5.00401 6741.65
5.02204 7022.99
5.04008 7099.01
5.05812 7043.23
5.07615 6929.18
5.09419 6830.38
5.11222 6820.36
5.13026 6948.75
5.1483 7185.79
5.16633 7485.21
5.18437 7800.76
5.2024 8086.16
5.22044 8295.16
5.23848 8391.9
5.25651 8396.61
5.27455 8348.33
5.29259 8286.09
5.31062 8248.94
5.32866 8275.93
5.34669 8401.04
5.36473 8612.91
5.38277 8876.18
5.4008 9155.29
5.41884 9414.67
5.43687 9618.77
5.45491 9734.27
5.47295 9764.51
5.49098 9742.47
5.50902 9702.04
5.52705 9677.05
5.54509 9701.39
5.56313 9808.11
5.58116 10002.8
5.5992 10257.2
5.61723 10541
5.63527 10823.6
5.65331 11074.9
5.67134 11264.5
5.68938 11380.5
5.70741 11445.6
5.72545 11486.3
5.74349 11529.1
5.76152 11600.4
5.77956 11726.8
5.7976 11924.7
5.81563 12180.2
5.83367 12474
5.8517 12786.6
5.86974 13098.8
5.88778 13391
5.90581 13638.4
5.92385 13789.3
5.94188 13783.9
5.95992 13562.7
5.97796 13065.8
5.99599 12233.6
6.01403 11021.2
6.03206 9500.85
6.0501 7800.9
6.06814 6049.98
6.08617 4376.72
6.10421 2909.77
6.12224 1777.74
6.14028 1109.29
6.15832 1033.04
6.17635 1677.63
6.19439 3171.7
6.21242 5643.89
6.23046 9222.82
6.2485 14037.1
6.26653 20215.5
6.28457 27886.5
6.30261 37178.7
6.32064 48220.9
6.33868 61141.7
6.35671 76069.7
6.37475 93133.5
6.39279 112462
6.41082 134183
6.42886 158426
6.44689 185320
6.46493 214992
6.48297 247572
6.501 283189
6.51904 321970
6.53707 364045
6.55511 409542
6.57315 458590
6.59118 511317
6.60922 567853
6.62725 628325
6.64529 692862
6.66333 761594
6.68136 834648
6.6994 912154
6.71743 994239
6.73547 1.08103e+06
6.75351 1.17266e+06
6.77154 1.26926e+06
6.78958 1.37095e+06
6.80762 1.47787e+06
6.82565 1.59013e+06
6.84369 1.70788e+06
6.86172 1.83123e+06
6.87976 1.96033e+06
6.8978 2.09529e+06
6.91583 2.23624e+06
6.93387 2.38332e+06
6.9519 2.53665e+06
6.96994 2.69636e+06
6.98798 2.86258e+06
7.00601 3.03544e+06
7.02405 3.21506e+06
7.04208 3.40158e+06
7.06012 3.59513e+06
7.07816 3.79583e+06
7.09619 4.0038e+06
7.11423 4.21919e+06
7.13226 4.44212e+06
7.1503 4.67271e+06
7.16834 4.9111e+06
7.18637 5.15742e+06
7.20441 5.41178e+06
7.22244 5.67433e+06
7.24048 5.94519e+06
7.25852 6.22449e+06
7.27655 6.51235e+06
7.29459 6.80892e+06
7.31263 7.1143e+06
7.33066 7.42864e+06
7.3487 7.75207e+06
7.36673 8.0847e+06
7.38477 8.42667e+06
7.40281 8.77811e+06
7.42084 9.13915e+06
7.43888 9.50991e+06
7.45691 9.89053e+06
7.47495 1.02811e+07
7.49299 1.06818e+07
7.51102 1.10928e+07
7.52906 1.15141e+07
7.54709 1.19459e+07
7.56513 1.23884e+07
7.58317 1.28416e+07
7.6012 1.33056e+07
7.61924 1.37807e+07
7.63727 1.4267e+07
7.65531 1.47645e+07
7.67335 1.52734e+07
7.69138 1.57938e+07
7.70942 1.63259e+07
7.72745 1.68697e+07
7.74549 1.74255e+07
7.76353 1.79933e+07
7.78156 1.85733e+07
7.7996 1.91656e+07
7.81764 1.97703e+07
7.83567 2.03876e+07
7.85371 2.10175e+07
7.87174 2.16603e+07
7.88978 2.2316e+07
7.90782 2.29847e+07
7.92585 2.36667e+07
7.94389 2.4362e+07
7.96192 2.50708e+07
7.97996 2.57931e+07
7.998 2.65292e+07
8.01603 2.72791e+07
8.03407 2.80429e+07
8.0521 2.88209e+07
8.07014 2.96131e+07
8.08818 3.04196e+07
8.10621 3.12406e+07
8.12425 3.20763e+07
8.14228 3.29267e+07
8.16032 3.37919e+07
8.17836 3.46722e+07
8.19639 3.55676e+07
8.21443 3.64782e+07
8.23246 3.74042e+07
8.2505 3.83458e+07
8.26854 3.9303e+07
8.28657 4.02759e+07
8.30461 4.12648e+07
8.32265 4.22697e+07
8.34068 4.32907e+07
8.35872 4.4328e+07
8.37675 4.53818e+07
8.39479 4.6452e+07
8.41283 4.7539e+07
8.43086 4.86428e+07
8.4489 4.97634e+07
8.46693 5.09012e+07
8.48497 5.20561e+07
8.50301 5.32283e+07
8.52104 5.4418e+07
8.53908 5.56253e+07
8.55711 5.68502e+07
8.57515 5.8093e+07
8.59319 5.93538e+07
8.61122 6.06326e+07
8.62926 6.19297e+07
8.64729 6.32451e+07
8.66533 6.45789e+07
8.68337 6.59314e+07
8.7014 6.73026e+07
8.71944 6.86926e+07
8.73747 7.01017e+07
8.75551 7.15298e+07
8.77355 7.29772e+07
8.79158 7.4444e+07
8.80962 7.59303e+07
8.82766 7.74362e+07
8.84569 7.89618e+07
8.86373 8.05074e+07
8.88176 8.2073e+07
8.8998 8.36587e+07
8.91784 8.52647e+07
8.93587 8.68911e+07
8.95391 8.8538e+07
8.97194 9.02056e+07
8.98998 9.18939e+07
9.00802 9.36032e+07
9.02605 9.53335e+07
9.04409 9.7085e+07
9.06212 9.88578e+07
9.08016 1.00652e+08
9.0982 1.02468e+08
9.11623 1.04305e+08
9.13427 1.06165e+08
9.1523 1.08046e+08
9.17034 1.09949e+08
9.18838 1.11875e+08
9.20641 1.13823e+08
9.22445 1.15793e+08
9.24248 1.17786e+08
9.26052 1.19801e+08
9.27856 1.2184e+08
9.29659 1.23901e+08
9.31463 1.25986e+08
9.33267 1.28094e+08
9.3507 1.30225e+08
9.36874 1.32379e+08
9.38677 1.34558e+08
9.40481 1.3676e+08
9.42285 1.38986e+08
9.44088 1.41235e+08
9.45892 1.43509e+08
9.47695 1.45808e+08
9.49499 1.4813e+08
9.51303 1.50478e+08
9.53106 1.52849e+08
9.5491 1.55246e+08
9.56713 1.57667e+08
9.58517 1.60114e+08
9.60321 1.62586e+08
9.62124 1.65083e+08
9.63928 1.67605e+08
9.65731 1.70153e+08
9.67535 1.72727e+08
9.69339 1.75326e+08
9.71142 1.77951e+08
9.72946 1.80603e+08
9.74749 1.83281e+08
9.76553 1.85984e+08
9.78357 1.88715e+08
9.8016 1.91472e+08
9.81964 1.94255e+08
9.83768 1.97066e+08
9.85571 1.99903e+08
9.87375 2.02768e+08
9.89178 2.0566e+08
9.90982 2.08579e+08
9.92786 2.11526e+08
9.94589 2.145e+08
9.96393 2.17502e+08
9.98196 2.20531e+08
10 2.23589e+08
